"COMMENT_ID","CLASS"
1,0
2,0
3,1
4,1
5,1
6,1
7,1
8,0
9,1
10,0
11,1
12,1
13,1
14,1
15,0
16,0
17,1
18,0
19,1
20,1
21,1
22,1
23,0
24,1
25,0
26,0
27,0
28,0
29,0
30,1
31,1
32,1
33,0
34,1
35,1
36,0
37,0
38,0
39,1
40,1
41,0
42,0
43,1
44,1
45,1
46,0
47,1
48,1
49,1
50,0
51,1
52,1
53,1
54,1
55,0
56,1
57,1
58,0
59,1
60,0
61,1
62,1
63,1
64,1
65,0
66,0
67,0
68,1
69,1
70,0
71,1
72,1
73,0
74,1
75,1
76,1
77,0
78,1
79,0
80,1
81,0
82,0
83,0
84,0
85,0
86,1
87,0
88,0
89,0
90,0
91,0
92,0
93,0
94,1
95,1
96,1
97,0
98,1
99,0
100,0
101,1
102,0
103,1
104,0
105,0
106,0
107,0
108,0
109,0
110,0
111,0
112,1
113,0
114,1
115,1
116,0
117,0
118,1
119,1
120,1
121,1
122,1
123,0
124,0
125,1
126,0
127,1
128,1
129,0
130,0
131,1
132,0
133,1
134,0
135,1
136,1
137,0
138,1
139,0
140,0
141,0
142,0
143,0
144,1
145,0
146,1
147,1
148,0
149,0
150,1
151,1
152,0
153,0
154,0
155,1
156,1
157,1
158,0
159,0
160,0
161,1
162,0
163,1
164,1
165,1
166,0
167,1
168,1
169,0
170,1
171,1
172,0
173,1
174,0
175,1
176,1
177,1
178,0
179,0
180,1
181,1
182,1
183,0
184,1
185,0
186,0
187,1
188,1
189,0
190,0
191,1
192,0
193,1
194,1
195,1
196,0
197,0
198,1
199,1
200,1
201,1
202,0
203,1
204,0
205,0
206,0
207,1
208,0
209,1
210,0
211,1
212,1
213,1
214,1
215,0
216,1
217,1
218,1
219,0
220,1
221,0
222,0
223,1
224,0
225,1
226,0
227,0
228,0
229,1
230,0
231,0
232,0
233,1
234,0
235,1
236,1
237,0
238,0
239,1
240,0
241,1
242,0
243,1
244,0
245,0
246,1
247,0
248,0
249,1
250,1
251,0
252,0
253,0
254,1
255,0
256,1
257,0
258,1
259,0
260,0
261,0
262,0
263,1
264,1
265,1
266,1
267,0
268,1
269,0
270,0
271,1
272,1
273,1
274,0
275,1
276,0
277,1
278,0
279,0
280,1
281,0
282,0
283,1
284,0
285,0
286,1
287,1
288,0
289,1
290,0
291,0
292,0
293,1
294,1
295,1
296,1
297,1
298,1
299,1
300,1
301,1
302,1
303,0
304,0
305,0
306,1
307,0
308,1
309,0
310,1
311,0
312,0
313,0
314,1
315,1
316,0
317,0
318,0
319,0
320,0
321,1
322,1
323,1
324,1
325,1
326,0
327,1
328,1
329,0
330,0
331,0
332,1
333,1
334,1
335,0
336,1
337,1
338,0
339,0
340,0
341,0
342,1
343,0
344,1
345,1
346,0
347,1
348,0
349,1
350,1
351,1
352,0
353,1
354,1
355,0
356,0
357,1
358,1
359,1
360,1
361,1
362,0
363,1
364,1
365,0
366,0
367,0
368,1
369,0
370,0
371,1
372,0
373,1
374,1
375,0
376,0
377,1
378,1
379,1
380,1
381,0
382,1
383,1
384,1
385,0
386,0
387,0
388,0
389,0
390,0
391,1
392,0
393,1
394,0
395,0
396,0
397,0
398,0
399,0
400,1
401,1
402,1
403,0
404,0
405,0
406,1
407,1
408,1
409,1
410,1
411,1
412,0
413,1
414,0
415,0
416,1
417,0
418,1
419,1
420,0
421,0
422,0
423,0
424,0
425,1
426,1
427,0
428,1
429,0
430,1
431,1
432,1
433,0
434,1
435,0
436,1
437,1
438,0
439,1
440,1
441,0
442,0
443,1
444,0
445,0
446,0
447,0
448,1
449,1
450,0
451,0
452,1
453,0
454,0
455,0
456,0
457,1
458,0
459,1
460,0
461,1
462,0
463,1
464,0
465,0
466,1
467,1
468,1
469,0
470,1
471,1
472,0
473,1
474,1
475,0
476,1
477,1
478,0
479,1
480,1
481,0
482,0
483,0
484,1
485,1
486,0
487,1
488,0
489,0
490,0
491,1
492,1
493,1
494,0
495,0
496,1
497,1
498,1
499,0
500,0
501,1
502,0
503,1
504,0
505,0
506,0
507,1
508,1
509,0
510,0
511,1
512,1
513,0
514,0
515,0
516,1
517,1
518,1
519,1
520,0
521,0
522,0
523,1
524,1
525,1
526,0
527,0
528,0
529,0
530,1
531,0
532,1
533,1
534,1
535,0
536,0
537,1
538,0
539,0
540,0
541,0
542,1
543,0
544,0
545,0
546,1
547,0
548,1
549,1
550,0
551,1
552,0
553,1
554,1
555,1
556,1
557,1
558,1
559,1
560,0
561,1
562,0
563,1
564,1
565,1
566,1
567,0
568,1
569,1
570,1
571,0
572,1
573,1
574,1
575,0
576,0
577,1
578,1
579,1
580,1
581,1
582,0
583,0
584,0
585,0
586,0
587,0
